img_release/00408 1 1 1 51 47 122 1 192 57 144 346 235 429 143 429 233 534 4 474 105 584 275 336 357 432 238 479 319 574 214 586 307 662 317 439 411 556 327 626 406 720 370 651 487 720 528 577 608 648 505 477 589 568 539 313 623 429 453 224 537 314 288 247 375 334 511 114 570 212 571 225 656 313 700 191 790 298 672 305 754 384 916 176 1011 295 808 407 892 524 659 404 773 520 648 567 710 669 716 561 804 665 897 546 1001 662 1006 552 1045 653 1031 585 1091 720 1087 599 1176 720 1189 276 1265 391 1004 318 1082 408 1069 153 1158 275 1217 159 1280 238 872 1 961 73 340 562 431 624 920 437 1024 543 
img_release/00045 1 67 176 175 318 316 170 450 343 211 62 284 166 25 59 111 147 111 9 190 81 39 14 105 64 1 5 36 57 218 1 274 54 266 1 353 75 428 28 495 114 360 81 492 189 541 1 590 44 550 71 606 163 616 106 706 239 742 68 829 172 732 23 822 83 655 1 709 47 787 1 844 40 872 1 939 89 943 1 1001 65 996 1 1044 53 1092 38 1175 127 851 114 1015 261 714 205 943 471 439 3 458 33 
img_release/00182 1 4 119 82 262 82 62 151 124 87 160 143 296 128 26 208 104 245 21 301 80 206 32 241 97 817 136 933 253 919 37 982 99 995 34 1063 114 1073 25 1133 95 1021 254 1219 445 1193 30 1252 102 
img_release/00392 1 68 124 145 223 30 276 133 386 1 415 87 557 135 254 204 348 226 303 291 410 346 440 435 511 333 574 450 702 264 642 382 720 598 567 652 688 642 608 776 717 773 588 887 720 997 503 1104 622 1048 624 1166 720 197 165 267 246 349 222 401 311 379 129 449 208 490 14 544 76 413 309 505 415 458 427 550 576 556 391 673 525 551 325 616 420 616 227 701 332 636 142 718 232 316 1 373 71 595 4 625 41 765 69 826 141 865 95 925 198 906 261 992 371 909 392 965 475 970 342 1054 458 1031 275 1136 391 701 424 799 550 758 286 861 398 1164 204 1228 288 1139 304 1190 394 1177 315 1249 429 1227 66 1276 123 1172 158 1242 216 611 85 673 142 486 218 552 271 
img_release/00248 1 26 99 92 176 15 177 90 281 10 386 93 471 3 463 91 570 186 489 274 600 221 314 285 422 297 331 390 436 129 662 220 720 235 635 333 720 336 628 437 720 543 303 625 414 431 172 531 276 168 1 257 71 591 75 674 178 663 169 756 267 638 270 740 386 800 479 865 594 856 520 955 630 797 612 936 720 873 297 973 391 824 180 911 264 803 209 825 287 984 140 1077 240 1032 260 1154 369 1125 518 1181 611 1159 551 1239 674 1221 575 1279 720 536 477 637 610 500 487 535 547 210 166 292 263 1152 278 1199 354 
img_release/00183 1 156 424 220 505 260 333 325 403 274 483 412 610 749 454 919 613 520 313 601 382 661 343 723 406 816 317 877 401 917 366 999 453 1092 371 1170 443 1101 242 1168 305 968 233 1046 286 803 160 861 222 578 207 637 271 489 166 560 228 424 267 487 335 337 226 406 285 279 167 335 238 77 377 149 447 387 71 455 136 478 4 550 51 617 83 682 155 756 87 820 151 871 1 925 50 929 66 984 120 1018 70 1078 137 946 159 995 206 1148 109 1201 170 1151 1 1242 49 959 1 1012 29 745 263 801 334 
img_release/00287 1 72 95 116 156 159 23 193 77 131 1 166 39 192 3 220 29 240 28 272 69 249 77 297 130 192 123 256 223 181 69 220 119 269 160 331 230 368 286 432 377 269 327 363 429 208 529 316 690 49 535 201 701 586 325 704 458 1 272 43 398 769 462 889 602 865 329 955 455 1054 339 1135 434 1060 433 1202 606 944 68 984 125 974 42 1019 94 1106 116 1146 172 1159 128 1198 181 1128 166 1194 235 1187 102 1229 154 1261 53 1280 102 14 18 55 67 223 23 242 56 873 49 892 80 897 60 925 94 
img_release/00196 1 478 371 568 460 366 347 435 434 237 313 308 390 126 276 200 363 7 272 78 348 57 122 106 186 143 124 197 190 244 130 296 194 337 115 415 188 455 127 523 199 561 137 623 207 688 152 778 232 904 147 1005 241 1059 5 1158 85 896 24 971 92 698 19 766 89 539 23 610 89 437 27 483 80 353 33 390 85 293 29 337 80 193 30 244 73 106 23 151 73 5 32 53 87 162 1 188 23 237 1 264 17 
img_release/00571 1 116 228 203 343 1 369 60 473 166 433 250 548 296 441 385 562 450 228 537 353 67 123 137 222 2 137 71 203 27 23 82 127 223 40 288 100 213 1 298 56 366 4 430 76 426 1 489 46 435 47 487 102 552 109 601 197 540 639 606 720 492 629 537 698 446 522 514 618 887 402 935 485 898 470 980 561 914 603 1006 719 1040 561 1125 654 1003 201 1089 305 1147 123 1212 193 1102 122 1144 199 976 80 1030 152 942 81 983 157 809 1 872 47 859 51 916 109 621 95 687 186 709 152 758 242 763 144 836 247 803 286 881 378 687 364 797 469 563 265 654 342 301 615 380 720 853 436 887 511 385 221 448 305 
img_release/00563 1 1 127 139 305 142 110 317 288 101 33 195 112 374 66 432 123 373 5 427 57 444 71 501 147 835 333 1038 555 908 141 1052 316 1059 142 1213 340 987 41 1084 149 1105 68 1159 129 1197 25 1274 102 1101 6 1145 69 804 21 878 85 727 24 787 90 735 74 830 209 592 78 693 199 635 31 708 94 510 5 560 54 239 25 310 94 332 89 362 150 677 1 725 23 1149 7 1192 47 872 1 927 42 1 52 32 119 1055 2 1092 45 1002 3 1045 33 628 1 675 24 574 1 611 19 501 58 587 129 
img_release/00289 1 10 42 64 91 18 117 83 185 7 192 77 264 24 233 129 349 78 329 186 440 292 305 359 405 181 124 260 224 91 119 140 191 96 33 151 96 164 53 202 111 205 47 226 99 252 78 287 125 269 108 310 174 318 207 380 274 230 258 291 385 457 394 559 507 487 296 587 409 553 280 637 360 653 317 697 389 592 414 718 553 826 324 920 442 846 237 935 337 770 166 836 241 751 108 797 173 818 106 878 166 720 9 768 57 820 3 877 62 839 67 898 114 978 60 1027 132 904 109 965 161 936 172 1001 222 963 218 1033 311 941 425 1031 542 764 610 939 720 1125 493 1259 666 1200 421 1280 561 1155 201 1216 301 1104 76 1167 152 1028 87 1070 139 1035 3 1089 58 1096 23 1124 77 1149 38 1193 96 1197 15 1231 72 1151 7 1197 47 100 555 223 631 286 3 326 32 497 24 535 76 463 31 494 71 436 24 468 58 899 15 949 71 961 16 1009 63 985 1 1021 22 1188 106 1235 174 1125 163 1216 214 1074 208 1116 249 6 11 54 42 
img_release/00439 1 7 345 83 454 159 376 303 505 335 383 416 490 363 148 399 191 435 143 473 185 564 124 602 166 492 287 541 340 487 459 678 616 819 276 857 332 893 293 932 352 811 78 843 133 768 95 797 129 730 58 759 96 604 99 639 142 1178 38 1216 84 1161 203 1205 249 1008 302 1056 367 1223 467 1280 568 735 586 835 686 620 364 663 413 1229 23 1272 67 220 323 264 365 
img_release/00303 1 49 159 111 226 118 2 156 54 122 169 172 231 216 15 249 48 250 181 300 252 357 141 397 197 425 176 463 244 424 142 473 186 440 7 485 50 546 40 586 82 452 188 515 260 684 193 739 262 784 235 850 312 778 194 833 240 853 157 914 233 1139 173 1193 236 1188 149 1218 203 1089 9 1131 59 1046 171 1087 225 1008 196 1069 267 1199 119 1238 164 1251 202 1280 269 1082 227 1145 302 1073 569 1219 720 1011 637 1098 720 680 121 725 182 1070 157 1099 197 306 78 333 106 938 185 947 199 981 181 992 200 
img_release/00614 1 219 70 273 123 320 103 362 151 503 62 559 123 642 66 669 102 656 94 692 143 698 77 742 132 921 89 955 136 950 26 978 67 1019 81 1060 137 996 84 1020 126 1097 64 1138 119 1176 159 1219 227 1221 64 1258 109 1161 56 1198 93 890 82 919 120 1261 72 1280 109 511 531 668 720 606 27 629 53 
img_release/00234 1 7 61 46 111 97 76 128 128 182 70 221 119 311 100 364 157 221 123 269 176 118 119 163 172 32 119 81 164 32 168 93 214 135 181 183 221 116 205 155 242 31 244 87 310 1 286 24 349 60 299 116 355 1 439 59 523 76 363 139 427 120 583 195 659 168 452 236 523 163 367 211 435 173 284 225 349 101 257 145 306 135 228 193 291 215 190 262 238 245 246 297 297 297 283 356 355 306 359 364 413 313 420 379 492 340 254 392 310 293 198 339 255 354 204 393 264 392 223 444 301 454 194 497 254 486 161 549 228 528 203 597 287 459 325 532 403 418 393 497 484 521 386 607 489 627 174 701 257 754 191 825 276 803 330 898 425 924 123 997 215 892 391 987 500 202 366 273 453 1 99 12 144 
img_release/00316 1 70 1 143 65 41 242 126 364 130 163 214 257 126 85 193 152 237 19 306 94 334 5 403 75 301 199 359 288 367 238 455 339 363 410 463 518 493 372 617 491 497 108 563 214 466 40 548 100 578 26 653 111 569 115 634 181 639 161 678 236 656 112 736 196 697 63 752 133 822 66 882 127 822 140 901 194 799 205 892 293 629 310 668 405 679 280 763 412 714 364 895 551 995 411 1210 631 1126 290 1268 424 978 332 1088 442 902 205 1009 330 1030 171 1128 273 1150 188 1266 290 1190 79 1259 148 1254 17 1280 70 985 8 1048 68 899 76 973 143 810 524 992 720 1092 110 1170 186 
img_release/00478 1 28 83 112 204 91 177 207 306 253 76 309 147 247 208 330 300 377 94 515 223 616 138 687 228 720 65 752 104 786 71 863 161 890 93 961 168 1019 135 1095 211 992 81 1025 126 1037 85 1068 124 1250 64 1271 99 1201 66 1234 110 1144 80 1159 101 964 60 978 80 1078 73 1095 95 
img_release/00589 1 48 407 98 463 106 398 153 453 55 493 134 550 178 436 222 491 201 416 232 457 169 361 202 396 213 375 249 414 271 377 319 428 349 400 386 435 411 413 449 451 499 356 552 406 406 348 457 387 657 353 697 400 595 387 636 431 567 350 612 387 1200 212 1264 277 983 279 1016 313 46 363 106 409 1 412 25 461 693 311 737 355 756 355 775 395 527 304 554 330 1147 278 1179 312 
img_release/00304 1 79 343 119 392 6 424 63 534 156 328 202 372 240 343 287 387 228 401 311 483 292 405 345 482 337 321 377 370 278 324 305 362 418 314 454 362 511 385 545 426 517 348 553 386 553 350 586 392 587 318 619 354 598 281 630 320 499 315 531 350 639 332 676 379 669 342 693 391 690 367 733 416 709 330 739 367 754 349 787 400 825 335 863 378 597 406 706 506 606 523 720 625 779 473 875 550 792 555 960 704 865 350 892 375 916 340 944 377 937 366 959 400 959 360 1010 409 1013 343 1060 397 1065 355 1101 404 1116 343 1154 376 1120 377 1167 414 1218 348 1273 395 730 427 795 505 
img_release/00651 1 298 225 387 345 431 209 511 305 687 450 789 579 1082 538 1224 720 1164 434 1257 592 1119 180 1185 277 1168 120 1219 187 976 198 1097 312 882 106 952 173 1087 19 1130 84 825 56 854 100 859 33 897 79 937 10 987 58 593 85 669 165 460 87 511 154 525 36 561 82 402 87 457 146 287 51 317 95 368 16 409 70 258 4 297 47 149 40 189 76 150 185 220 270 88 1 119 32 164 2 189 28 332 4 354 31 311 33 349 76 670 4 699 36 1027 1 1059 28 1144 1 1175 48 730 141 816 247 842 1 864 34 1 96 25 180 708 20 750 49 
img_release/00130 1 104 272 176 351 5 286 46 377 194 364 266 430 26 401 196 562 324 327 412 442 358 281 405 348 472 300 515 340 457 345 524 412 524 318 567 375 522 367 603 452 378 474 480 558 322 558 482 720 657 579 807 720 599 436 692 565 582 301 616 356 617 269 666 327 662 264 699 334 728 262 775 328 693 341 759 405 690 370 795 461 805 241 843 306 831 218 880 277 888 283 946 351 857 358 928 428 842 453 968 567 992 296 1060 386 945 217 1011 289 1053 267 1125 348 1126 264 1198 346 1244 203 1280 283 1223 318 1280 397 1071 397 1171 495 206 302 267 361 
img_release/00049 1 6 6 62 76 1 57 87 149 20 167 120 294 103 297 260 449 130 214 249 373 279 225 386 339 259 165 335 240 218 57 289 147 165 9 237 92 339 4 415 85 425 49 502 140 413 153 523 239 535 167 616 287 373 375 563 548 208 566 410 720 722 168 806 286 668 17 737 90 828 33 890 85 819 185 908 283 815 309 961 440 810 528 1032 720 978 362 1134 548 942 223 1059 337 913 91 978 178 904 1 954 63 1021 3 1078 55 986 53 1045 102 1024 157 1116 265 1121 18 1175 95 1170 1 1223 37 1142 218 1258 321 1073 276 1208 400 1260 28 1280 96 
img_release/00354 1 1 358 32 413 39 376 85 429 116 388 149 426 201 370 249 424 349 435 382 477 389 409 425 451 665 390 708 441 711 412 750 459 759 420 803 462 811 395 858 443 882 417 908 467 903 431 938 477 648 422 673 450 981 423 1005 445 1036 375 1079 423 1015 436 1061 483 1144 439 1174 484 1175 436 1194 469 1199 441 1227 481 1252 424 1280 461 299 422 323 457 
img_release/00021 1 27 71 75 123 102 74 141 132 97 38 143 87 206 77 247 134 383 93 428 142 428 79 465 132 191 215 243 267 12 573 104 647 60 532 133 601 176 505 235 577 98 504 167 574 247 575 362 687 370 362 449 452 434 315 503 392 486 198 542 255 478 147 554 203 607 224 657 291 611 333 673 393 709 244 761 302 739 349 795 417 774 236 835 316 848 366 915 458 832 547 918 639 884 277 941 336 890 235 945 291 901 116 955 167 938 147 986 199 1016 178 1063 244 989 247 1045 332 1091 174 1131 230 1040 233 1078 301 1068 239 1108 291 1110 271 1160 334 968 411 1045 486 1104 417 1163 475 1183 264 1237 341 1205 166 1249 224 1180 128 1224 177 683 342 731 399 
img_release/00356 1 182 116 271 242 335 94 430 207 159 312 384 606 1 391 163 620 452 165 506 305 492 176 606 331 534 30 603 126 606 64 679 162 659 195 808 378 714 75 796 177 714 1 770 69 784 25 846 95 861 96 945 188 911 16 972 99 996 42 1094 157 901 228 1057 443 1201 29 1268 92 1200 94 1280 217 575 593 777 720 1073 30 1122 134 1 166 155 352 1 90 64 168 1179 48 1201 96 
img_release/00359 1 44 28 106 101 5 174 87 267 232 116 318 205 203 383 278 472 239 577 316 658 380 404 449 487 415 174 480 261 760 83 822 168 880 242 964 333 852 414 927 495 1016 410 1087 494 906 534 996 638 485 562 559 648 694 667 774 720 1081 1 1156 61 13 601 104 678 
img_release/00305 1 426 174 525 318 42 330 140 448 52 63 146 163 199 14 272 97 263 66 373 182 410 55 515 143 530 80 625 203 568 10 649 113 649 20 701 110 727 144 823 265 753 66 829 157 819 22 875 95 832 87 859 161 902 61 963 141 853 268 986 429 939 128 1015 214 978 15 1030 79 1031 42 1074 105 1082 60 1144 125 1073 156 1163 269 1157 120 1239 219 1178 71 1257 137 1229 184 1280 299 1133 238 1241 341 1077 327 1228 521 511 417 649 553 404 34 430 85 
img_release/00310 1 7 72 114 198 178 75 301 185 113 69 171 171 107 262 140 380 99 442 216 568 70 557 188 669 351 161 473 295 478 164 593 296 704 36 782 136 787 56 857 150 661 172 780 306 819 147 935 286 959 367 1067 506 1069 326 1185 441 254 624 364 720 273 542 383 658 382 577 444 663 490 599 563 714 1092 197 1175 287 878 24 968 100 924 96 1015 184 1221 467 1271 557 344 4 420 53 126 1 201 61 1066 128 1156 195 
img_release/00505 1 96 233 163 310 1 259 55 334 244 5 301 71 587 59 667 158 705 47 787 146 889 61 961 164 905 171 984 269 1191 238 1258 311 1141 29 1216 114 988 138 1026 190 685 549 751 641 819 562 1035 720 169 1 224 45 163 595 263 700 412 639 505 720 661 219 692 280 
img_release/00575 1 25 213 119 329 188 126 263 227 280 60 357 171 263 304 371 447 304 472 566 720 796 522 963 696 1004 409 1230 645 851 224 1010 408 1044 227 1158 383 734 106 805 198 667 71 729 145 494 66 570 144 464 117 548 204 515 204 609 317 745 2 803 71 695 4 741 63 646 21 716 72 803 17 854 75 881 20 949 110 1094 71 1175 176 808 168 928 258 986 212 1057 347 1161 280 1237 362 604 278 752 448 246 1 309 38 934 1 1001 34 1166 97 1251 175 855 1 892 30 
img_release/00625 1 936 305 987 371 1109 409 1164 467 1145 544 1206 628 1222 620 1280 695 935 593 998 660 861 565 930 638 742 573 809 641 689 505 750 575 558 481 625 551 526 560 590 634 470 523 531 597 388 458 454 530 301 548 370 619 193 643 269 713 128 572 196 645 58 598 123 685 17 553 75 626 6 277 66 337 1 223 47 282 1 153 49 210 92 125 130 172 125 161 180 211 130 209 176 262 173 242 230 302 49 99 99 145 78 77 113 128 167 73 218 136 224 105 268 143 249 126 296 186 299 176 348 236 345 165 384 219 382 208 435 273 395 281 455 341 437 242 490 297 392 163 455 212 464 166 516 228 372 369 431 429 317 386 373 450 221 400 276 472 152 462 211 524 131 420 184 482 278 471 335 536 344 225 381 277 1199 32 1247 103 374 127 408 168 
img_release/00502 1 62 201 116 276 111 103 150 157 159 202 210 276 254 176 314 228 471 208 519 265 612 224 663 293 713 232 758 300 820 133 864 198 965 153 1011 213 1076 161 1130 219 1063 4 1105 52 1147 1 1179 31 870 8 911 43 393 32 432 86 278 37 325 89 106 540 199 654 669 522 763 627 787 571 916 683 1091 584 1182 682 807 40 855 85 602 9 646 45 216 7 244 30 
img_release/00477 1 216 164 339 296 139 146 186 205 39 89 73 125 116 79 148 131 166 96 191 132 219 90 254 131 371 85 402 131 401 78 435 116 458 87 498 123 516 84 551 119 622 78 654 118 653 107 687 144 733 113 769 154 773 103 801 144 818 108 849 147 901 109 931 150 984 107 1015 144 1037 80 1072 118 1225 105 1257 147 33 147 88 211 271 76 305 110 6 105 33 142 
img_release/00146 1 69 94 178 203 123 2 208 96 359 59 447 160 299 278 405 389 581 178 682 294 544 65 626 153 536 1 604 61 777 71 864 165 894 147 979 258 994 64 1044 145 1101 138 1191 244 1106 296 1220 435 635 395 773 533 1143 1 1199 60 
img_release/00567 1 11 62 49 109 126 52 168 97 48 54 97 114 318 79 441 210 249 28 296 80 521 160 597 254 630 80 683 121 688 71 719 116 716 6 767 54 844 129 940 238 1039 88 1082 154 961 48 997 90 1020 13 1057 56 1130 43 1183 95 1061 30 1105 83 849 53 875 86 910 57 935 92 797 46 854 102 485 119 520 152 
img_release/00168 1 36 134 117 233 201 61 284 169 141 331 214 432 235 415 319 510 313 272 387 358 445 224 522 314 382 414 455 525 464 415 543 537 335 659 438 720 572 597 681 717 697 438 786 559 844 424 949 568 985 545 1123 698 1131 381 1231 539 1211 343 1280 471 1158 236 1235 345 955 291 1052 413 806 325 888 431 690 274 757 381 616 221 704 333 553 180 621 280 408 83 482 168 476 33 541 129 411 5 478 69 630 59 691 139 600 117 671 208 687 190 745 279 750 76 816 165 821 142 890 234 908 173 987 258 972 199 1064 293 1046 114 1128 225 994 38 1059 118 967 2 1017 38 1119 15 1177 80 1243 76 1280 173 1206 45 1251 128 1186 4 1226 63 
img_release/00440 1 50 219 157 353 181 307 289 439 268 447 389 615 402 269 520 429 499 188 597 305 601 321 711 448 482 420 611 569 631 211 725 322 730 271 833 415 796 345 924 478 889 211 974 320 1099 219 1202 339 1100 358 1229 503 1223 190 1247 220 863 207 878 232 228 243 249 270 
img_release/00473 1 21 157 121 287 243 209 344 344 233 85 342 189 140 477 278 623 261 408 411 577 414 160 487 233 459 4 525 64 574 10 649 88 550 224 645 339 655 176 723 281 709 133 771 199 773 166 851 259 852 286 932 392 880 162 939 243 968 390 1080 526 620 500 738 645 983 305 1073 394 1128 261 1206 345 1204 122 1270 224 1231 1 1278 52 1093 119 1149 194 1149 129 1176 194 1 519 37 658 868 116 921 159 1097 447 1169 529 
img_release/00056 1 375 54 440 127 544 30 622 108 392 332 487 439 159 443 247 543 100 550 209 681 384 529 523 654 662 553 782 680 670 314 759 421 656 100 718 173 482 87 537 147 863 132 934 190 1020 141 1096 197 1173 66 1249 170 1199 394 1280 506 924 333 1008 430 973 566 1083 683 1247 595 1280 692 
img_release/00465 1 87 207 235 372 24 393 159 595 286 295 396 377 462 164 673 400 1 17 46 142 179 3 251 50 238 95 326 156 464 1 542 54 603 25 709 133 722 85 811 193 949 70 1047 143 985 149 1097 274 770 252 935 443 682 214 766 345 978 297 1135 448 1142 369 1280 541 1097 106 1169 211 1172 1 1263 42 991 1 1085 44 863 1 911 38 
img_release/00230 1 32 116 149 230 27 4 152 80 116 78 503 552 627 236 827 510 563 8 758 152 487 31 564 120 548 95 615 184 778 22 845 99 855 35 887 87 888 28 920 77 876 69 982 198 964 147 1064 288 1044 185 1198 373 1017 382 1256 624 1129 113 1209 178 1102 57 1125 99 1124 47 1171 99 1173 42 1246 114 948 27 978 61 1079 12 1112 50 1043 71 1084 136 1235 34 1271 80 1254 113 1280 169 
img_release/00624 1 97 69 155 134 77 182 145 246 1 121 68 253 6 268 127 446 193 229 437 481 388 468 634 705 703 186 829 337 955 306 1116 498 1105 316 1159 475 1082 161 1220 274 1060 63 1132 145 1187 85 1248 154 1134 3 1200 77 1213 2 1265 46 1003 23 1055 80 942 38 992 93 894 101 952 179 801 5 869 65 893 1 924 33 645 2 692 46 696 53 781 148 536 28 602 109 417 1 492 63 490 1 549 52 309 34 388 119 405 90 504 194 135 7 192 68 807 133 908 236 
img_release/00018 1 535 248 609 352 120 229 201 315 7 309 50 353 240 310 278 346 292 315 336 349 198 343 235 390 235 344 292 389 356 287 418 353 673 389 701 424 729 380 760 411 843 340 909 415 887 303 961 362 982 314 1021 353 1173 405 1210 445 1181 372 1216 403 778 378 803 407 484 267 531 324 
img_release/00444 1 10 268 131 377 71 200 155 309 152 128 225 228 211 204 316 295 218 324 284 433 159 381 225 490 184 518 274 648 292 336 363 443 296 145 376 242 306 4 391 82 497 18 578 107 448 202 551 302 472 346 574 460 541 311 606 392 587 383 706 486 706 374 766 468 739 270 807 363 830 264 894 344 900 96 978 192 649 57 731 137 944 268 1018 354 1062 138 1141 233 959 471 1082 598 1094 467 1198 596 773 383 895 490 559 224 644 324 
img_release/00321 1 55 59 130 122 195 76 281 149 119 281 240 427 149 193 250 274 336 215 445 318 308 73 376 143 410 76 465 123 485 52 529 97 539 157 586 208 651 141 702 193 715 19 754 71 759 6 790 50 754 165 804 224 967 8 1005 50 1023 5 1066 55 920 152 1002 242 999 145 1046 214 1086 109 1143 175 1162 142 1220 212 1130 217 1256 348 939 445 1087 610 1149 408 1280 640 894 108 969 180 1255 1 1275 29 1255 104 1280 137 1216 101 1245 139 
img_release/00186 1 78 185 199 306 233 221 306 326 101 386 225 511 262 439 413 575 397 353 502 457 603 411 734 558 902 323 1020 467 920 223 1035 323 990 124 1053 219 859 38 915 138 727 116 817 187 544 248 632 343 1233 210 1280 371 477 215 541 300 
img_release/00276 1 253 222 348 356 1 354 160 521 458 205 569 334 416 390 600 552 636 306 768 443 719 185 831 328 382 109 480 212 735 27 795 85 802 47 838 116 832 62 892 123 863 104 934 183 870 199 978 300 1000 49 1078 147 966 32 1011 123 905 42 953 90 1236 79 1280 179 988 287 1092 420 788 466 1000 682 1125 195 1255 339 1036 151 1130 246 1143 1 1192 42 1166 534 1280 717 3 545 226 720 547 179 639 286 707 30 731 77 
img_release/00556 1 187 411 277 485 380 462 451 548 491 223 595 329 732 25 796 110 224 14 289 103 305 1 356 50 422 52 483 124 823 291 916 383 1047 328 1145 448 1021 540 1116 644 1122 623 1241 708 1044 209 1120 296 994 12 1084 90 1217 95 1280 189 809 126 893 241 1192 7 1271 90 1144 281 1230 367 1090 1 1146 42 
img_release/00418 1 347 203 414 281 1 196 41 266 588 238 697 371 491 265 527 311 441 242 475 292 301 254 326 293 739 281 778 322 797 296 839 340 699 281 727 314 1015 290 1045 333 1054 296 1087 332 936 267 984 323 1154 258 1198 304 245 250 258 269 268 254 286 273 114 252 131 276 206 268 220 287 
img_release/00413 1 23 144 89 221 98 115 154 193 151 214 226 296 147 308 251 420 222 254 308 372 186 136 251 228 266 131 320 207 308 114 365 196 414 142 454 207 445 160 506 242 416 233 482 315 468 334 575 481 205 529 364 714 192 447 315 537 590 228 675 332 569 334 647 463 662 196 735 302 689 133 751 202 841 128 897 195 882 160 942 238 908 204 992 333 988 191 1020 269 1001 236 1129 386 1057 151 1117 229 1182 189 1221 281 1211 207 1279 331 
img_release/00213 1 44 298 97 355 2 335 53 404 95 281 140 329 182 280 223 329 122 330 181 400 173 401 267 467 136 515 267 640 430 486 544 606 459 357 537 434 377 283 425 338 282 324 339 382 452 325 501 370 501 275 547 325 574 278 609 317 660 192 684 227 654 336 716 410 726 309 766 338 768 264 791 296 799 294 839 338 894 289 929 324 889 266 913 294 862 259 882 286 842 189 859 215 903 191 925 223 968 259 982 280 1000 251 1020 277 1028 295 1055 328 1064 304 1100 347 964 324 1007 371 1105 211 1124 230 1151 204 1170 230 1202 297 1232 337 1114 281 1139 311 1120 259 1139 282 1047 262 1063 286 1089 275 1109 310 1150 291 1182 319 1202 262 1225 288 1226 263 1249 292 1239 304 1278 345 1232 360 1280 421 1159 371 1235 453 1109 432 1203 522 824 434 916 582 820 278 847 303 1060 263 1082 291 722 296 736 325 
img_release/00085 1 225 491 308 586 49 559 88 608 1 567 18 639 301 497 371 577 416 515 460 558 449 524 501 582 506 516 545 563 562 501 593 539 617 508 643 541 642 505 697 586 741 489 777 535 774 482 809 534 824 497 864 541 901 486 920 517 914 481 949 520 998 487 1021 509 1035 487 1068 526 1081 499 1112 536 1125 498 1160 534 1202 516 1269 592 1178 468 1223 521 1231 462 1275 510 710 508 720 526 
img_release/00530 1 126 167 188 267 10 219 74 316 92 324 167 401 294 372 368 466 238 624 317 720 415 248 487 350 368 71 437 171 186 1 248 62 3 1 61 43 601 62 670 151 716 123 777 216 685 395 754 486 854 515 911 596 911 402 973 501 1082 430 1147 529 1038 138 1082 219 1060 34 1130 108 1158 20 1224 104 678 1 720 39 647 488 719 556 460 443 517 521 525 348 606 443 335 1 387 52 873 9 932 71 1084 161 1136 228 554 26 605 93 1001 1 1058 48 799 144 866 241 1180 189 1216 272 80 82 173 171 735 302 803 366 1176 119 1229 174 
img_release/00154 1 44 1 80 34 101 7 153 72 6 189 54 303 82 201 154 288 182 218 252 317 245 168 314 257 306 15 354 72 432 104 496 191 384 279 464 377 501 390 616 471 655 158 742 252 635 57 696 114 571 73 624 131 491 71 554 152 767 61 816 123 821 76 869 158 992 388 1061 481 1039 268 1102 343 990 223 1048 290 1210 589 1280 719 644 6 693 57 
img_release/00574 1 6 286 116 397 210 303 267 358 106 271 152 333 290 276 319 320 413 297 471 367 509 295 564 362 579 310 620 372 623 327 677 388 729 279 773 362 772 293 804 378 944 275 1019 354 1195 291 1280 413 
img_release/00405 1 29 248 92 330 123 176 173 259 220 237 273 312 364 212 425 307 531 240 591 329 523 396 582 480 662 468 730 555 702 284 755 372 836 339 902 417 905 444 967 524 798 517 871 602 1046 574 1122 661 1084 421 1150 496 1055 298 1111 375 997 222 1058 294 859 209 922 277 1109 138 1171 216 1151 264 1220 337 504 26 556 86 354 1 397 35 149 9 202 76 53 1 102 31 1 599 32 686 622 686 694 720 
img_release/00245 1 404 243 546 429 116 1 265 95 363 86 439 180 434 60 487 128 511 71 586 169 596 142 668 251 638 32 703 119 673 80 743 196 318 441 583 701 694 262 865 451 772 119 869 222 831 16 885 86 937 80 1030 204 998 130 1155 302 1098 7 1156 70 1157 99 1226 139 1149 139 1242 238 333 221 407 365 1016 512 1244 720 1219 364 1280 536 1192 66 1254 128 1044 45 1108 100 987 47 1039 95 1252 28 1280 73 
img_release/00635 1 373 343 599 624 273 89 458 309 461 138 571 286 674 134 763 246 544 80 639 222 1 109 57 252 214 23 270 91 263 28 351 98 359 1 423 78 458 11 546 100 632 5 706 68 749 1 814 56 844 52 955 176 882 383 1042 555 938 224 1090 391 913 145 1032 247 1076 71 1172 179 1199 42 1276 150 1059 4 1144 69 972 90 1057 151 1144 463 1276 720 27 33 101 105 182 2 247 46 866 1 916 38 665 49 753 127 
img_release/00430 1 75 122 178 265 1 109 74 253 10 270 123 426 144 272 254 411 182 475 313 615 306 281 453 452 471 313 599 472 354 472 494 616 722 307 839 475 678 167 777 299 482 57 602 195 360 187 443 262 305 54 387 148 51 23 138 108 597 110 662 196 789 139 856 222 967 225 1055 301 1095 154 1230 350 1110 20 1211 133 797 3 878 70 884 84 973 185 996 127 1073 195 834 558 975 720 824 381 984 506 
img_release/00652 1 14 24 64 82 239 236 301 307 368 271 431 338 221 586 303 664 546 330 611 412 498 453 582 550 609 220 672 294 509 179 574 242 650 62 699 119 695 123 751 186 745 245 811 314 852 282 923 358 891 351 958 424 884 131 936 199 787 33 839 94 945 22 995 80 1052 159 1105 231 1220 142 1279 214 478 1 527 44 587 1 620 37 631 9 673 67 757 511 834 601 
img_release/00648 1 142 176 208 261 215 114 270 183 336 153 392 233 254 238 404 391 419 233 486 319 642 226 716 316 719 194 786 260 865 233 1002 343 878 342 1101 648 1167 191 1280 475 1078 228 1154 339 563 195 616 247 49 206 111 279 1005 188 1078 305 753 147 792 189 820 153 859 202 107 166 151 207 625 176 645 220 1 194 45 265 411 191 452 230 
img_release/00000 1 585 305 649 385 130 260 200 351 287 255 330 326 117 415 170 499 287 414 353 498 411 360 473 431 840 301 920 383 714 242 779 311 535 317 585 386 378 212 428 267 425 176 476 236 297 173 365 242 51 241 115 324 128 220 171 280 217 322 270 391 345 267 404 334 944 374 1014 464 1043 378 1126 475 1179 346 1245 427 1114 252 1178 339 1054 197 1118 288 1122 204 1161 250 1217 273 1270 345 900 217 966 297 973 241 1022 307 
img_release/00380 1 94 149 205 317 515 128 639 302 331 395 595 697 769 230 839 420 815 244 1066 512 1100 34 1151 85 1057 16 1108 65 988 22 1039 70 946 32 984 71 759 67 824 130 809 28 855 74 702 19 748 64 657 68 727 134 500 70 568 128 542 32 588 85 440 4 470 43 495 9 531 47 392 50 438 111 283 99 366 179 293 62 351 99 301 9 339 53 136 50 185 91 195 45 241 85 77 16 120 76 40 5 75 38 13 37 50 68 227 25 266 66 
img_release/00283 1 22 22 126 128 35 133 131 223 1 186 61 296 1 311 46 411 78 229 170 327 137 138 236 224 28 505 139 619 186 372 249 462 276 353 367 462 262 161 344 258 291 87 368 182 196 1 278 54 452 58 523 155 410 3 468 62 469 1 546 54 546 100 651 188 458 206 572 342 405 380 534 492 580 190 641 300 565 367 693 528 678 397 726 504 717 76 805 157 697 13 793 88 796 1 890 63 810 172 892 252 878 95 959 174 925 234 1030 348 817 319 901 425 1029 219 1125 343 1115 88 1216 184 1062 1 1144 80 1225 3 1280 80 1242 133 1280 259 1150 495 1280 652 1066 644 1186 720 863 648 978 720 711 639 796 720 1158 1 1227 71 
img_release/00578 1 95 34 173 133 5 93 74 178 107 171 174 254 87 277 182 387 1 426 66 564 30 536 140 657 104 399 198 534 205 388 263 508 244 279 320 362 286 378 359 500 331 310 399 402 334 195 414 298 248 152 306 235 187 41 223 110 354 33 419 90 386 80 444 159 278 1 322 35 463 18 522 98 490 119 556 199 414 198 452 288 423 412 516 523 329 575 433 720 761 417 861 550 669 250 747 338 586 74 646 148 598 1 660 80 796 141 853 212 746 218 790 289 868 177 946 262 949 323 1046 424 930 428 1024 555 1200 424 1280 532 1101 599 1210 720 1176 267 1255 366 1106 211 1163 300 1145 95 1209 183 1187 145 1244 221 1144 42 1189 96 1195 44 1218 103 1233 26 1279 82 1240 82 1280 129 663 134 720 213 852 252 942 359 863 33 925 81 190 254 252 355 327 152 387 204 554 83 588 150 869 118 946 178 949 105 989 188 1029 176 1095 255 1111 220 1155 295 1054 358 1096 420 
img_release/00115 1 44 88 82 134 62 46 98 90 82 96 131 152 4 224 73 297 4 464 67 547 235 265 305 331 153 142 216 195 175 68 222 117 308 108 346 145 205 510 319 647 411 477 542 643 424 122 480 178 397 45 435 82 497 59 538 104 500 37 539 69 511 149 571 204 482 260 531 329 564 262 629 333 711 231 777 320 682 192 716 250 654 151 698 196 656 107 696 150 679 50 708 89 591 1 629 42 757 3 789 43 787 28 825 67 853 58 887 106 899 10 929 50 918 1 948 30 954 109 993 151 773 141 809 186 909 288 980 375 1008 258 1063 312 959 459 1071 610 1099 373 1192 467 1159 342 1209 394 1170 249 1225 324 1131 10 1163 42 1112 16 1139 60 1064 12 1096 30 1212 25 1240 57 1181 7 1208 45 1252 40 1280 80 469 114 511 154 
img_release/00097 1 444 92 532 193 604 94 679 192 998 79 1053 142 1064 85 1101 146 744 102 778 152 797 93 835 137 857 14 894 50 579 1 615 41 256 25 306 71 188 49 220 89 28 61 75 105 326 2 374 37 363 57 412 101 978 23 1007 57 996 6 1019 24 
img_release/00417 1 489 247 596 372 749 249 820 357 787 163 878 235 886 170 940 234 1017 91 1097 180 1082 61 1127 108 963 228 1036 328 1139 232 1274 403 1167 157 1259 253 1239 10 1264 56 1261 1 1280 34 
img_release/00100 1 27 98 101 208 8 1 68 60 138 22 202 101 84 215 197 370 308 300 449 489 489 122 592 250 426 79 508 174 296 15 377 109 470 1 531 48 568 8 602 67 597 24 672 105 631 78 708 188 716 192 805 326 778 57 832 121 913 120 997 235 1006 254 1125 378 837 425 1020 618 987 47 1068 119 822 1 868 57 874 1 930 44 1006 1 1064 39 1183 17 1231 88 1161 1 1197 43 1133 86 1207 180 1181 166 1277 296 197 8 313 134 
img_release/00026 1 71 67 281 252 3 192 226 512 124 1 195 42 288 14 367 100 397 130 543 296 431 6 489 52 468 21 530 98 565 1 612 41 606 1 682 74 664 111 830 339 697 251 948 596 944 64 1006 146 870 9 928 78 1111 9 1166 77 1208 228 1280 450 1239 3 1279 61 1167 1 1230 66 717 8 793 81 800 1 865 83 
img_release/00313 1 1 27 33 129 72 80 161 172 157 274 262 404 199 579 317 703 257 228 367 334 207 47 306 137 332 4 407 85 449 129 527 224 477 306 578 421 547 191 638 270 611 85 693 157 625 3 711 67 766 5 843 100 681 185 776 297 534 486 639 617 776 493 885 624 857 195 939 310 922 72 1003 157 1016 1 1096 76 1073 64 1144 163 1084 223 1154 317 1033 458 1131 591 1202 195 1280 298 1227 66 1280 151 1208 1 1275 40 868 1 938 32 
img_release/00216 1 24 204 95 274 115 239 188 315 70 292 168 365 18 343 114 418 82 402 191 492 166 377 252 452 249 385 343 462 229 462 320 538 302 467 420 572 234 146 305 217 351 31 411 80 401 106 479 187 522 89 577 165 487 84 523 152 477 38 515 87 568 70 620 127 617 135 673 203 669 80 712 143 710 43 744 100 773 75 821 141 747 57 774 114 750 176 803 247 730 291 819 373 726 388 831 506 791 527 920 658 1074 411 1176 534 1039 274 1120 361 1000 126 1060 199 1168 111 1239 184 1217 2 1257 42 863 83 911 133 807 4 857 66 845 1 882 23 85 77 144 111 158 89 231 157 885 171 935 238 1 549 44 659 
img_release/00263 1 16 50 71 114 6 153 101 299 42 249 290 557 278 30 357 118 62 52 162 153 136 12 204 108 444 18 510 107 507 63 621 184 526 20 586 69 652 28 706 99 804 10 842 76 818 41 914 167 925 61 995 160 1067 141 1193 316 1065 51 1179 152 1046 9 1123 73 1242 19 1280 98 197 34 249 108 
img_release/00142 1 81 320 133 374 289 286 330 328 347 277 382 320 563 175 599 213 707 484 759 549 771 439 825 502 835 405 878 457 851 219 871 252 884 387 925 431 928 355 958 406 935 292 960 326 949 228 974 261 960 306 992 333 1019 254 1041 290 1045 219 1065 248 1054 259 1068 288 1068 257 1099 298 805 592 897 696 992 400 1057 492 1032 368 1093 428 1084 319 1127 374 1112 315 1143 343 1120 291 1154 323 1121 222 1144 252 1154 220 1183 257 1165 193 1188 218 1212 191 1231 223 1193 223 1225 262 1253 160 1274 189 1261 195 1279 223 1237 233 1266 270 1174 604 1273 717 
img_release/00019 1 11 99 114 233 65 30 105 92 253 27 294 95 22 241 124 380 257 125 390 273 337 19 382 79 209 31 249 80 9 15 46 56 450 2 506 54 557 94 627 184 566 271 701 440 588 188 716 305 659 76 744 152 579 14 611 61 770 1 806 33 819 49 886 125 832 6 875 52 991 180 1116 362 1071 98 1159 216 1192 183 1270 271 1165 22 1239 115 930 56 1015 142 1014 38 1073 108 680 508 925 719 1064 1 1111 49 1237 2 1273 47 180 29 207 74 
img_release/00464 1 195 120 378 339 671 63 809 225 859 120 930 209 1017 185 1086 252 1112 172 1177 264 1210 144 1271 216 1011 128 1056 171 1081 165 1123 226 555 169 590 216 
img_release/00249 1 30 76 83 150 11 205 216 401 282 312 554 582 392 241 554 388 354 196 414 309 211 39 282 119 396 52 443 114 516 68 577 147 647 28 696 80 651 64 759 185 782 34 854 110 782 113 854 219 886 58 943 146 1049 22 1092 87 1090 61 1132 137 1259 62 1280 130 1207 10 1235 57 
img_release/00480 1 149 143 211 219 1 292 100 619 159 271 230 364 201 363 329 527 250 142 317 223 335 146 418 237 555 175 628 267 686 252 737 329 714 134 796 219 768 272 972 534 1007 202 1073 272 990 88 1018 121 1021 65 1049 102 1225 136 1280 216 1170 33 1192 68 
img_release/00588 1 17 216 101 296 44 312 135 397 112 376 241 524 195 551 338 720 279 441 365 553 332 301 430 400 83 151 141 217 2 166 49 214 31 81 77 126 54 47 76 76 78 46 92 76 182 57 207 92 225 61 240 87 358 43 383 69 304 114 388 193 149 165 220 247 260 228 330 294 422 186 495 282 583 302 648 404 590 212 645 286 560 142 603 199 610 153 668 209 672 139 723 207 714 171 792 270 668 361 808 524 854 405 1034 585 863 194 952 337 1155 132 1219 211 1041 182 1115 238 932 137 995 199 1076 64 1114 101 1238 141 1280 196 1247 204 1280 253 1177 446 1275 584 1125 288 1231 394 485 151 551 204 1 309 48 412 949 190 993 313 126 96 168 147 1 76 35 115 209 37 230 56 1187 87 1219 123 359 78 387 110 
img_release/00043 1 740 1 812 61 835 4 897 55 913 86 976 161 1075 69 1148 137 1178 147 1244 218 1146 205 1225 283 1023 254 1106 343 939 313 1026 424 958 410 1063 539 546 332 634 425 398 269 483 358 239 183 324 268 205 147 279 214 113 308 213 416 
img_release/00488 1 44 112 120 204 132 115 206 194 108 61 173 116 191 49 243 111 227 111 300 195 475 121 601 243 627 153 762 305 1055 111 1120 191 1176 181 1241 286 1176 66 1221 130 1057 59 1097 98 1007 65 1048 101 968 37 1008 72 898 17 939 57 758 14 792 58 682 22 715 67 518 50 554 87 425 22 457 58 482 19 516 57 363 10 390 44 542 1 584 40 797 33 824 68 828 14 856 47 327 1 354 42 601 18 630 51 
img_release/00353 1 35 23 58 52 71 15 88 41 79 50 110 83 78 110 111 142 241 245 289 308 344 300 390 349 567 93 597 129 765 188 806 243 799 204 834 238 825 236 863 277 935 447 986 503 1059 434 1130 486 1129 436 1178 499 1204 278 1250 321 1158 141 1187 178 996 108 1021 139 1102 6 1129 38 1182 18 1207 52 1160 3 1182 25 1251 24 1280 56 1243 480 1280 532 
img_release/00126 1 141 437 179 482 131 416 169 453 240 381 297 431 346 405 385 458 446 399 472 426 511 406 536 434 536 385 560 415 641 367 663 401 420 432 456 483 404 586 548 720 722 353 768 414 832 342 891 399 892 296 949 353 972 314 1021 393 1049 307 1106 372 1118 356 1171 421 1140 325 1177 381 1228 288 1280 358 1233 160 1263 203 915 172 940 213 966 170 998 203 1050 116 1073 147 1114 95 1134 139 1092 73 1116 109 1151 40 1182 66 1223 31 1249 66 1196 98 1220 138 946 39 963 67 929 37 946 60 978 74 998 100 907 111 933 142 944 109 967 142 
img_release/00640 1 4 185 96 299 79 142 131 247 98 285 222 401 225 258 316 383 297 367 382 469 210 522 294 643 288 626 455 720 479 401 597 525 465 572 606 720 682 334 781 470 785 313 881 394 554 246 619 354 629 275 673 349 398 124 487 230 531 1 603 71 782 120 890 225 876 60 946 138 968 43 1068 131 1165 105 1259 210 1163 374 1262 512 962 243 1069 342 1163 12 1256 76 751 1 801 49 368 76 421 120 
img_release/00125 1 64 114 140 240 252 140 317 249 300 176 374 295 239 347 363 524 373 243 477 364 528 247 635 420 695 427 865 620 737 238 847 382 755 126 849 229 639 66 702 166 540 95 622 186 533 43 609 100 417 80 486 163 278 99 325 143 902 91 962 164 898 169 998 277 1027 132 1115 249 944 295 1092 444 1127 206 1230 356 1159 110 1248 202 1111 57 1168 138 130 94 195 161 
img_release/00165 1 135 113 207 176 206 64 282 171 357 281 494 461 449 71 555 204 516 28 568 113 665 81 711 130 609 92 636 134 833 84 900 167 1038 181 1192 358 949 96 984 138 999 59 1025 90 1245 99 1280 143 374 130 426 195 
img_release/00331 1 4 164 46 218 97 149 138 198 104 26 146 67 218 38 248 78 288 33 320 63 311 12 339 43 177 153 216 195 277 167 328 214 287 134 323 168 375 158 416 199 435 200 481 263 1 334 80 465 479 219 535 283 503 121 550 161 514 181 568 247 569 95 600 135 597 172 650 226 687 66 730 129 746 116 782 155 785 96 847 163 382 396 459 493 454 388 554 539 505 320 595 418 744 268 822 389 897 174 949 230 979 291 1059 393 1129 437 1260 562 1170 293 1265 396 1191 176 1248 250 1180 102 1216 151 884 103 919 147 903 72 932 104 972 79 996 113 994 132 1025 163 1039 117 1078 152 111 180 172 242 
img_release/00240 1 86 310 139 377 214 288 355 459 479 289 520 338 607 311 689 405 701 279 745 329 758 305 839 396 858 307 916 362 996 363 1120 471 949 313 979 338 1209 343 1245 381 353 294 380 336 461 332 480 355 897 474 969 565 382 329 474 448 177 332 191 363 583 325 598 350 
img_release/00367 1 1 109 59 201 63 109 168 218 123 289 301 436 309 381 481 534 402 158 505 279 270 168 359 267 228 57 308 141 203 16 268 71 310 1 357 41 357 69 431 152 439 30 500 96 416 1 467 38 573 29 631 108 632 214 744 343 642 431 794 608 882 489 1097 698 1165 295 1278 460 1051 138 1151 252 1212 178 1280 276 851 135 938 231 706 39 783 118 645 2 697 57 758 5 816 60 870 43 939 128 1025 13 1085 76 1180 20 1239 98 1236 98 1280 176 867 3 930 53 
img_release/00065 1 139 110 225 198 290 219 327 291 359 241 416 320 1 384 33 475 92 399 175 497 204 501 322 671 301 405 357 508 254 372 313 455 436 360 506 433 377 429 459 534 525 459 608 572 552 528 677 708 516 385 601 456 555 267 621 364 637 224 697 298 628 352 691 430 657 452 727 548 751 367 832 467 787 209 853 306 854 145 912 223 911 344 949 420 873 450 946 550 1097 486 1192 604 1106 395 1196 490 1060 260 1137 377 1202 166 1279 270 
img_release/00268 1 393 97 444 152 247 119 306 162 447 97 487 154 523 87 554 128 250 98 269 123 559 124 603 167 671 97 727 159 732 164 827 275 729 98 771 153 678 288 818 431 926 160 992 237 932 80 978 123 968 109 1011 149 1030 76 1052 112 1060 136 1124 199 1154 148 1237 230 1063 240 1148 348 1168 86 1193 124 1209 80 1244 125 1216 281 1280 418 
img_release/00363 1 197 439 306 585 537 522 731 720 922 359 1043 502 939 168 1016 283 1142 185 1214 268 1234 162 1280 271 62 171 125 223 1 190 60 249 1 108 36 147 60 98 122 153 134 48 174 92 218 81 272 133 212 142 259 190 191 134 211 188 151 138 183 187 137 197 192 254 297 119 352 180 302 81 359 122 354 105 378 148 398 49 457 93 413 112 466 163 386 142 433 199 468 85 520 142 540 40 582 75 533 84 581 142 577 74 626 127 676 82 725 130 734 33 762 84 811 79 864 138 854 78 897 132 876 1 926 47 919 61 979 117 959 40 1009 93 1020 115 1059 169 1093 102 1142 147 1052 71 1089 111 1011 1 1060 59 1154 43 1206 103 1103 17 1139 65 1225 51 1272 112 1234 19 1280 57 696 161 745 210 355 105 387 150 671 49 708 85 1116 1 1158 30 
img_release/00284 1 65 261 139 347 150 260 219 343 216 346 320 455 280 139 339 213 362 228 416 321 468 262 550 369 473 144 525 223 611 133 666 194 588 257 644 337 657 285 718 369 759 406 844 523 727 261 830 367 682 142 728 218 657 102 694 153 599 100 639 138 630 220 680 283 729 80 774 130 822 41 866 99 822 114 862 171 784 142 830 195 820 171 880 228 920 163 972 246 973 151 1001 200 998 169 1039 235 959 300 1044 385 1035 202 1091 301 1106 230 1166 315 1080 175 1132 235 1145 152 1192 214 1207 194 1265 288 1135 314 1220 437 1249 329 1280 419 958 32 994 82 1078 4 1120 57 1192 9 1235 65 1055 157 1088 195 
img_release/00132 1 43 211 72 246 1 234 22 272 27 161 58 195 20 142 46 171 101 58 123 88 109 98 129 123 99 154 116 185 118 133 144 161 162 88 178 108 164 115 180 144 213 115 234 148 184 95 201 129 268 114 289 143 292 119 311 149 330 117 349 141 209 159 230 190 258 160 281 186 273 181 299 214 331 152 349 185 292 193 316 231 349 187 371 221 95 196 127 227 144 192 182 223 110 257 216 391 49 367 172 523 244 270 338 399 282 381 400 534 425 252 517 357 450 377 546 515 549 305 620 403 562 204 653 309 623 397 698 524 692 357 750 467 734 437 818 554 749 248 821 388 428 143 452 171 558 90 574 120 835 181 897 281 880 254 954 343 1042 233 1104 332 1110 266 1193 394 1130 433 1220 560 974 424 1054 543 854 384 936 502 754 190 769 213 154 178 172 194 786 202 795 218 
img_release/00424 1 487 235 632 413 998 251 1139 410 48 400 225 561 1 108 54 187 16 23 69 79 175 21 219 80 163 3 208 30 368 9 407 66 329 103 387 185 755 52 821 128 894 204 971 300 863 330 934 424 947 70 1025 161 1033 56 1093 161 911 28 963 74 711 4 757 48 763 17 819 59 252 1 293 22 1166 28 1234 95 1119 1 1154 55 447 177 532 270 
img_release/00562 1 140 66 195 148 53 199 105 282 20 245 74 318 35 340 91 429 125 285 178 363 194 339 247 414 215 244 268 319 215 609 280 694 32 629 130 714 290 377 354 455 344 227 401 299 261 189 319 262 377 111 425 174 478 190 518 259 543 184 598 249 635 184 698 267 506 273 552 343 616 296 673 363 701 340 759 413 551 393 618 464 415 421 491 508 497 449 537 510 668 543 742 624 411 630 507 710 972 536 1049 617 1073 411 1120 474 1084 245 1142 313 1041 223 1083 292 973 176 1020 240 841 155 896 224 662 119 748 182 678 4 733 70 552 1 613 53 430 32 495 91 1223 42 1267 99 1087 111 1156 186 1236 439 1280 528 1231 391 1280 442 920 345 978 417 795 406 845 474 726 673 806 720 758 540 820 602 
img_release/00323 1 229 41 282 90 125 123 191 203 35 171 106 228 6 209 72 301 76 219 149 315 44 329 187 478 181 310 309 448 173 224 250 309 239 185 319 271 330 177 401 243 297 289 413 413 352 246 457 354 397 195 431 252 414 174 455 217 439 199 542 303 516 182 552 240 551 180 588 216 548 219 636 307 621 165 671 232 667 171 744 258 749 171 815 251 541 415 835 625 769 305 947 504 921 277 1059 397 998 217 1066 279 1063 205 1107 263 1080 165 1137 224 1048 263 1175 391 
img_release/00601 1 19 185 91 262 169 183 235 252 91 364 251 559 311 238 399 317 325 414 427 493 297 350 378 413 1 359 44 477 372 195 421 258 424 197 493 269 538 197 569 242 478 472 580 581 616 330 717 440 725 348 811 463 818 334 911 447 901 310 973 419 818 172 939 265 906 254 927 285 942 250 964 282 1002 258 1025 282 1072 250 1102 286 1047 317 1112 391 1123 336 1197 390 1219 468 1280 551 1151 247 1182 279 1225 244 1280 313 1119 249 1142 278 
img_release/00257 1 60 1 180 104 248 41 381 191 409 122 511 269 541 38 648 175 660 90 748 216 789 58 887 177 883 41 946 162 985 82 1070 159 1092 86 1184 216 1186 172 1229 233 1221 109 1280 181 1239 188 1280 279 
img_release/00362 1 952 220 1239 468 817 121 901 230 1083 1 1144 62 1038 1 1079 47 840 1 906 61 764 1 815 61 619 1 685 52 656 66 711 142 442 156 611 340 235 238 360 330 262 101 371 203 307 61 354 105 293 9 347 52 398 6 425 36 375 1 395 23 342 1 367 33 244 14 268 38 186 1 222 41 158 13 185 49 121 56 158 92 80 52 116 99 39 52 78 109 59 19 101 54 115 3 133 22 470 15 520 63 523 1 552 24 448 14 476 64 273 1 290 16 1 34 20 63 37 489 363 720 
